2221010301-1401	136342394
2221010301	136342394
2221010501-1401	136342397
2221010501	136342397
2221061101-1401	136342420
2221061101	136342420
1802060601	136342427
1802060605	136342429
1821010600	136342510
1821010300	136342586
1821010500	136342597
1802060201	136342604
1802060303	136342633
1802060403	136342634
1802060103	136342639
1802060101	136342656
1802060401	136342662
1802060501	136342664
1821021500	136342693
1821020400	136342709
1813010110	136342723
1813010102	136342729
1802070303	136342776
1802070301	136342778
2221021201	136342830
2221021203	136342843
2221021303-1401	136342857
2221021303	136342857
2221021301-1401	136342858
2221021301	136342858
1801021204-1401	136342903
1801021204	136342903
1801021203-1401	136342904
1801021203	136342904
1802021201-1401	136342963
1802021201	136342963
1802021301-1401	136342982
1802021301	136342982
1802060705	136343131
1033010209	136343314
1033010202	136343315
1042061903	136343714
1042061904	136343727
1042061912	136343737
1802060301	136343784
1802060304	136343804
1802080104-1401	136343852
1802080104	136343852
1802080105-1401	136343870
1802080105	136343870
1802080101-1401	136343887
1802080101	136343887
1802080201	136343907
1802080205	136343948
1812010500	136344011
1801060904-1401	136344033
1801060904	136344033
1801060903-1401	136344034
1801060903	136344034
1801060704-1401	136344101
1801060704	136344101
1801060703-1401	136344102
1801060703	136344102
1802061305-1401	136344164
1802061305	136344164
1802061301-1401	136344166
1802061301	136344166
1802020304-1401	136344170
1802020304	136344170
1802020305-1401	136344175
1802020305	136344175
1801060604-1401	136344179
1801060604	136344179
1801060603-1401	136344180
1801060603	136344180
1802020301-1401	136344188
1802020301	136344188
1802021504-1401	136344198
1802021504	136344198
1802021501-1401	136344200
1802021501	136344200
1802021505-1401	136344203
1802021505	136344203
1802021601-1401	136344207
1802021601	136344207
1801030603-1401	136344212
1801030603	136344212
1801030604-1401	136344217
1801030604	136344217
1802021004	136344221
1802021005	136344223
1802021001	136344225
1801030578	136344235
1801030504	136344238
1802021405	136344250
1802021404	136344252
1802021401	136344256
1802021105	136344266
1802021104	136344268
1802021101	136344271
1802020405	136344289
1802020404	136344291
1802020401	136344294
1802020804	136344304
1802020805	136344306
1802020801	136344308
1802070805	136344340
1802070804	136344342
1802070801	136344344
1021040208	136344370
1002040202	136344395
1002040201	136344396
1802060203	136344400
2221060701-1401	136344428
2221060701	136344428
2221060901-1401	136344488
2221060901	136344488
1802010501-1401	136344497
1802010501	136344497
1802060901	136344502
1802060904	136344503
1802060903	136344508
1802010401-1401	136344513
1802010401	136344513
2221020401-1402	136344550
2221020401	136344550
2221020201-1402	136344552
2221020201	136344552
2221021901	136344555
2221022101-1401	136344560
2221022101	136344560
2221061301-1401	136344575
2221061301	136344575
2221060801-1401	136344577
2221060801	136344577
2221061401-1401	136344578
2221061401	136344578
2221062001-1401	136344579
2221062001	136344579
2221062101-1401	136344580
2221062101	136344580
2221101001-1401	136344592
2221101001	136344592
2221100401-1401	136344593
2221100401	136344593
2221100501-1401	136344594
2221100501	136344594
2221100601-1401	136344595
2221100601	136344595
2221100801-1401	136344597
2221100801	136344597
2221100901-1401	136344598
2221100901	136344598
2221101101-1401	136344599
2221101101	136344599
2221101201-1401	136344601
2221101201	136344601
2221100201-1401	136344602
2221100201	136344602
2221101301	136344603
2221010401-1401	136344605
2221010401	136344605
2221100701-1401	136344610
2221100701	136344610
2221080101-1401	136344612
2221080101	136344612
2221080201-1401	136344613
2221080201	136344613
2221080301-1401	136344614
2221080301	136344614
2221080401-1401	136344615
2221080401	136344615
2221080501-1401	136344616
2221080501	136344616
2221020901-1401	136344618
2221020901	136344618
2221110101	136344619
2221010101-1401	136344632
2221010101	136344632
2221010201-1401	136344640
2221010201	136344640
2221101401-1401	136344645
2221101401	136344645
2221020301-1401	136344646
2221020301	136344646
2221020101-1401	136344653
2221020101	136344653
2221020701	136344660
2221020801-1401	136344663
2221020801	136344663
2221060301-1401	136344666
2221060301	136344666
2221060401-1401	136344669
2221060401	136344669
2221060101-1401	136344672
2221060101	136344672
2221060201-1401	136344675
2221060201	136344675
1004060602	136344678
1802060701	136344729
1001060402	136344740
1812010100	136344746
1812010200	136344747
1812010300	136344748
1812010400	136344749
1821020100	136344764
1821020200	136344765
1821020300	136344767
2221061201-1401	136344768
2221061201	136344768
2221060601-1401	136344799
2221060601	136344799
1821010100	136344802
1821010200	136344805
1821010400	136344808
1032060402	136344851
1801030505	136344852
2203010104	136344877
2203010106	136344879
2203010101	136344880
2203010108	136344881
2203010113	136344882
2203010107	136344883
2203010204	136344884
2203010205	136344885
2203010206	136344886
2203010201	136344887
2203010208	136344888
2203010213	136344889
2203010207	136344890
2203020104	136344891
2203020105	136344892
2203020108	136344894
2203020107	136344895
2203020304	136344896
2203020308	136344899
2203020307	136344900
2203010304	136344901
2203010305	136344902
2203010306	136344903
2203010301	136344904
2203010307	136344905
2203010404	136344906
2203010405	136344907
2203010406	136344908
2203010407	136344909
2203010504	136344910
2203010505	136344911
2203010506	136344912
2203010501	136344913
2203010507	136344914
2203010105	136344916
2x1401010400	136345021
2x1401010500	136345022
2x1401010200	136345023
2x1401010100	136345025
2x1401010700	136345026
2x1401060300	136345052
2x1401060400	136345054
2x1401060500	136345056
2x1401060100	136345058
2x1401060200	136345060
2x1401060700	136345062
2x1401060600	136345064
2x1401061200	136345066
2x1401061100	136345068
2x1401060900	136345070
2x1402020404	136345077
2x1402020204	136345080
2x1401070300	136345086
2x1401100200	136345089
1821020450-1402	136345147
1821020350-1401	136345148
2232040300	136345168
1801040303	136345170
2221022401	136345206
1801021304-1401	136345213
1801021304	136345213
1801021303-1401	136345214
1801021303	136345214
1801030608-1401	136715905
1801030608	136715905
1801030605-1401	136716556
1801030605	136716556
1802010351-1401	136743806
1802060204	136759315
1802060305	136772607
1802021204-1401	136780992
1802021204	136780992
1802021205	136780993
1005022209	136781680
2221022201-1402	136796174
2221022201	136796174
2221022301-1402	136796179
2221022301	136796179
2221061801-1401	136800020
2221061801	136800020
2221061901-1401	136800027
2221061901	136800027
2x1401020100	136800814
2x1401021500	136800815
2x1401020700	136800816
2x1401020600	136800817
2x1401021300	136800818
2x1401021100	136800819
2x1401021400	136800820
2221022308-1402	136808797
2221022308	136808797
1051022204	136820930
1051022201	136820931
1051022206	136820932
1051022210	136820933
1801022203-1401	136832287
1801022203	136832287
1801022208-1401	136832288
1801022208	136832288
1801022204-1401	136832289
1801022204	136832289
1801040504	136880769
1801030508	136903922
1801061803-1401	136903952
1801061803	136903952
1801061903-1401	136903953
1801061903	136903953
1801062503-1401	136903954
1801062503	136903954
1801062603-1401	136903955
1801062603	136903955
1801060103-1401	136903956
1801060103	136903956
1801061003-1401	136903957
1801061003	136903957
1801062203-1401	136903958
1801062203	136903958
1801062303-1401	136903959
1801062303	136903959
1801060203-1401	136903960
1801060203	136903960
1801060303-1401	136903961
1801060303	136903961
1801060403-1401	136903962
1801060403	136903962
1801060503-1401	136903963
1801060503	136903963
1801061303-1401	136903964
1801061303	136903964
1801061103-1401	136903965
1801061103	136903965
1801061203-1401	136903966
1801061203	136903966
1801062403-1401	136903967
1801062403	136903967
1802022201-1401	136916250
1802022201	136916250
1802022204-1401	136916251
1802022204	136916251
1802022205-1401	136916252
1802022205	136916252
1802022206-1401	136916253
1802022206	136916253
1801110103	136946179
1801110178	136946180
1801110108	136946181
1802022305-1401	136981915
1802022305	136981915
1802022301-1401	136981916
1802022301	136981916
1802022304-1401	136981917
1802022304	136981917
1802022306-1401	136981918
1802022306	136981918
1006022301	136983229
1006022308	136983231
2221022208-1402	136983589
2221022208	136983589
2221022203-1402	136983590
2221022203	136983590
1802100501-1401	136996036
1802100501	136996036
1802100504-1401	136996037
1802100504	136996037
1802100505-1401	136996038
1802100505	136996038
1802100512-1401	136996039
1802100512	136996039
1841100501	136997446
1841100517	136997447
1841100506	136997448
1841100507	136997449
1801100503-1401	137015339
1801100503	137015339
1801100504-1401	137015340
1801100504	137015340
1801100508-1401	137015341
1801100508	137015341
1021100508	137018683
2221080601-1401	137035703
2221080601	137035703
2221080608-1401	137035704
2221080608	137035704
2x1401020800	137068407
2x1401021200	137069850
2221080701-1401	137079819
2221080701	137079819
2221080708-1401	137079820
2221080708	137079820
1003080701	137090061
1802080701-1401	137108713
1802080701	137108713
1802080705-1401	137108714
1802080705	137108714
1802080712-1401	137108715
1802080712	137108715
1802080704-1401	137108716
1802080704	137108716
1801080603-1401	137112726
1801080603	137112726
1801080608-1401	137112727
1801080608	137112727
1801080604-1401	137112728
1801080604	137112728
1801080703-1401	137176824
1801080704-1401	137191965
1801080708-1401	137199968
1072080601	137268508
1802010701-1401	137303526
1802010701	137303526
1801061908-1401	137344082
1801061908	137344082
1801061904-1401	137344083
1801061904	137344083
2221022901-1401	137353092
2221022901	137353092
2221061808-1401	137362031
2221061808	137362031
2221061803-1401	137362032
2221061803	137362032
1801100103-1401	137438378
1801100103	137438378
1801100203	137438390
1801100203-1401	137438390
1801100403-1401	137438402
1801100403	137438402
1801100603-1401	137438413
1801100603	137438413
1801100803-1401	137438434
1801100903-1401	137438443
2221102101-1401	137451234
2221102101	137451234
1802061801-1401	137464111
1802061801	137464111
1802061804-1401	137464178
1802061804	137464178
1802061805-1401	137464184
1802061805	137464184
1802061812-1401	137464186
1802061812	137464186
1801060905-1401	137464190
1801060905	137464190
1802061901-1401	137476374
1802061901	137476374
1802061904-1401	137476961
1802061904	137476961
1802061905-1401	137477096
1802061905	137477096
1802061912-1401	137477182
1802061912	137477182
1035061801	137477341
1035061802	137477533
1824010101	137520804
1824010104	137520805
1824010105	137520807
1824010106	137520809
1824010201	137520810
1824010204	137520812
1824010205	137520813
1824010206	137520814
1824010301	137520815
1824010304	137520818
1824010305	137520819
1824010306	137520896
1824010401	137521028
1824010404	137521029
1824010405	137521031
1824010406	137521032
1824010501	137521035
1824010504	137521037
1824010505	137521038
1824010506	137521039
1824060204	137521049
1824060205	137521051
1824060206	137521052
1801120203	137530682
1801120204	137530696
2x1401022400	137576352
1802010704-1401	137577328
1802010704	137577328
1801061004-1401	137588467
1801061004	137588467
1802010101-1401	137589799
1802010101	137589799
2221060408-1401	137590598
2221060408	137590598
2221020908-1401	137591970
2221020908	137591970
2221060208-1401	137591979
2221060208	137591979
2221020308-1401	137591980
2221020308	137591980
2221100708-1401	137591981
2221100708	137591981
1802060503	137591986
1802060505	137591987
1802010104-1401	137598489
1802010104	137598489
1802010105-1401	137598494
1802010105	137598494
1802010106-1401	137598501
1802010106	137598501
1802010201-1401	137598514
1802010201	137598514
1802010204-1401	137598517
1802010204	137598517
1802010206-1401	137598518
1802010206	137598518
1802010205-1401	137598522
1802010205	137598522
1802010301-1401	137598549
1802010301	137598549
1802010304-1401	137598556
1802010304	137598556
1802010305-1401	137598564
1802010305	137598564
1802010306-1401	137598569
1802010306	137598569
1802010404-1401	137598585
1802010404	137598585
1802010405-1401	137598589
1802010405	137598589
1802010406-1401	137598591
1802010406	137598591
1802010504-1401	137598659
1802010504	137598659
1802010505-1401	137598661
1802010505	137598661
1802010506-1401	137598671
1802010506	137598671
1802010601-1401	137598675
1802010601	137598675
1802010604-1401	137598676
1802010604	137598676
1802010605-1401	137598677
1802010605	137598677
1802010612-1401	137598678
1802010612	137598678
1802010705-1401	137598684
1802010705	137598684
1802010706-1401	137598685
1802010706	137598685
1801061804-1401	137615621
1801061804	137615621
1801061808-1401	137615662
1801061808	137615662
1801010103	137617095
1801010103-1401	137617095
1801010303-1401	137617097
1801010303	137617097
1801010403-1401	137617148
1801010403	137617148
1801010503-1401	137617155
1801010503	137617155
1801010203-1401	137669032
1801010203	137669032
1801101103-1401	137702729
1801101303	137702756
1801101703	137702783
1801101803	137702808
1801101903-1401	137702844
1801101903	137702844
1801070703	137708033
1801070403	137708043
1801070803-1401	137708052
1801070803	137708052
1801071303-1401	137708066
1801071303	137708066
1801070103	137708091
1801071403-1401	137708094
1801071403	137708094
1801071503-1401	137708308
1801071503	137708308
1801071603-1401	137708315
1801071603	137708315
1801070203	137708569
1801102003-1401	137710978
1801102003	137710978
1801102103-1401	137710981
1801102103	137710981
1033010302	137813915
1033010309	137813936
2221060903-1401	137842825
2221060903	137842825
1801021208-1401	137945165
1801021208	137945165
2221101403-1401	137956714
2221101403	137956714
2221020403-1402	137956958
2221020403	137956958
2221062003-1401	137957306
2221062003	137957306
2221101003-1401	137960157
2221101003	137960157
2221100803-1401	137960267
2221100803	137960267
1801061905-1401	137960794
1801061905	137960794
1801102203-1401	137999571
1801102203	137999571
1802020101-1401	138013273
1802020101	138013273
1802020104-1401	138013305
1802020104	138013305
1802020105-1401	138013316
1802020105	138013316
1802020201-1401	138013397
1802020201	138013397
1802020204-1401	138013495
1802020204	138013495
1802020205-1401	138014044
1802020205	138014044
1802023101-1401	138014085
1802023101	138014085
1802023104-1401	138014096
1802023104	138014096
1802023105-1401	138014104
1802023105	138014104
1802023204-1401	138014191
1802023204	138014191
1802023205-1401	138014202
1802023205	138014202
1802023201-1401	138014217
1802023201	138014217
1802101001-1401	138014316
1802101001	138014316
1802101004-1401	138014328
1802101004	138014328
1802101005-1401	138014333
1802101005	138014333
1802100901-1401	138014373
1802100901	138014373
1802100904-1401	138014386
1802100904	138014386
1802100905-1401	138014398
1802100905	138014398
1802080604-1401	138014654
1802080604	138014654
1802080601-1401	138014705
1802080601	138014705
1802080605-1401	138014712
1802080605	138014712
1802080612-1401	138014725
1802080612	138014725
2203022204	138037110
2203022205	138037112
2203022304	138037114
2203022305	138037117
2203020804	138037119
2203020805	138037120
2203020404	138037137
2203020405	138037140
2203020204	138037147
2203020205	138037156
2203010701	138037158
2203010704	138037159
2203010705	138037163
2203010706	138037164
2203010707	138037165
2203010708	138037167
2203020704	138037184
2203020705	138037187
2203020904	138037203
2203020905	138037205
2203021504	138037207
2203021505	138037210
2203023104	138037220
2203023105	138037223
2203023204	138037226
2203023205	138037227
2203020305	138037292
2x1401080100	138157029
2x1401080200	138157035
1802100601-1401	138265681
1802100601	138265681
1802100604-1401	138265682
1802100604	138265682
1802100605-1401	138265683
1802100605	138265683
1802100401-1401	138265684
1802100401	138265684
1802100404-1401	138265685
1802100404	138265685
1802100405-1401	138265686
1802100405	138265686
1802100201-1401	138265689
1802100201	138265689
1802100204-1401	138265692
1802100204	138265692
1802100205-1401	138265693
1802100205	138265693
1802102004-1401	138265695
1802102004	138265695
1802102005-1401	138265696
1802102005	138265696
1802101304	138265697
1802101305	138265698
1802100701-1401	138265699
1802100701	138265699
1802100704-1401	138265701
1802100704	138265701
1802100705-1401	138265703
1802100705	138265703
1802101101-1401	138265704
1802101101	138265704
1802101104-1401	138265705
1802101104	138265705
1802102101-1401	138265706
1802102101	138265706
1802102104-1401	138265707
1802102104	138265707
1802102105-1401	138265708
1802102105	138265708
1802060405	138279101
1802102201-1401	138281671
1802102201	138281671
1802102601-1401	138281676
1802102601	138281676
1802102401-1401	138281677
1802102401	138281677
1802102501	138281679
1802101105-1401	138281682
1802101105	138281682
2203020306	138281683
1801040503	138291901
2221021701-1401	138291911
2221021701	138291911
2221023401-1401	138291914
2221023401	138291914
2221023501-1401	138291916
2221023501	138291916
2221022501-1401	138291918
2221022501	138291918
2221021601-1401	138291932
2221021601	138291932
2221023601-1401	138291987
2221023601	138291987
2221023701-1401	138292108
2221023701	138292108
2221023801-1401	138292112
2221023801	138292112
2221023901-1401	138292116
2221023901	138292116
2221024001-1401	138292600
2221024001	138292600
2221062301-1401	138292605
2221062301	138292605
2221062801-1401	138293266
2221062801	138293266
2221062901-1401	138293770
2221062901	138293770
2221063001	138294367
2221062601-1401	138294370
2221062601	138294370
2221063101-1401	138294390
2221063101	138294390
2221063201-1401	138294392
2221063201	138294392
2221063301-1401	138294420
2221063301	138294420
2221102301	138294422
2221100101-1401	138294424
2221100101	138294424
2221102001-1401	138294426
2221102001	138294426
1802101401-1401	138373700
1802101401	138373700
1802100101-1401	138373702
1802100101	138373702
1802102001-1401	138373780
1802102001	138373780
1802101301	138373897
1821022200	138517006
1821022300	138517008
2221102401-1401	138546259
2221102401	138546259
2221080801-1401	138550723
2221080801	138550723
2221080901-1401	138550724
2221080901	138550724
2221081001-1401	138550725
2221081001	138550725
2221081101-1401	138550726
2221081101	138550726
2221081201-1401	138550728
2221081201	138550728
2221081301-1401	138550730
2221081301	138550730
2221081401-1401	138550731
2221081401	138550731
2221081501-1401	138550732
2221081501	138550732
2221030601-1401	138561984
2221030601	138561984
2221030603-1401	138561985
2221030603	138561985
2221030608-1401	138561986
2221030608	138561986
2221030701-1401	138561987
2221030701	138561987
2221030703-1401	138561988
2221030703	138561988
2221030708-1401	138561989
2221030708	138561989
2221030801-1401	138561991
2221030801	138561991
2221030803-1401	138561992
2221030803	138561992
2221030808-1401	138561993
2221030808	138561993
2221030901-1401	138561994
2221030901	138561994
2221030903-1401	138561995
2221030903	138561995
2221030908-1401	138561996
2221030908	138561996
2221071601-1401	138561997
2221071601	138561997
2221071603-1401	138561998
2221071603	138561998
2221062501-1401	138562002
2221062501	138562002
2221101408-1401	138562003
2221101408	138562003
2221102501	138562004
1801071703-1401	138785673
1801071703	138785673
1801071708-1401	138785678
1801071708	138785678
2x1401010300	138809399
1802024212-1401	139321531
1802024212	139321531
1801061703-1401	139517262
1801061703	139517262
1801120103	139517314
1801120104	139517315
2221024101-1401	139537732
2221024101	139537732
1801020803-1401	139537829
1801020803	139537829
1802101901-1401	139582640
1802101901	139582640
1801101403	139616948
1801101403-1401	139616948
1801101404	139616953
1801101404-1401	139616953
1801101408	139616960
1801101408-1401	139616960
2221140101	139793435
2221140103	139793468
2221140108	139793484
2221140201	139793617
2221140203	139793659
2221140208	139793679
2221150101	139793792
2221150103	139793910
2221150108	139793912
2221150201	139793922
2221150203	139793924
2221150208	139793925
2221150301	139793940
2221150303	139793946
2221150308	139793949
2221081601	139794016
2221081603	139794021
2221081608	139794024
2221081701	139794041
2221081703	139794046
2221081708	139794048
2221081801	139794101
2221081803	139794105
2221081808	139794107
2221110201-1401	139794144
2221110201	139794144
2221110203-1401	139794147
2221110203	139794147
2221110208-1401	139794149
2221110208	139794149
2221063601-1401	139794156
2221063601	139794156
2221063603-1401	139794167
2221063603	139794167
2221063608	139794170
2221063701-1401	139794178
2221063701	139794178
2221063703-1401	139794180
2221063703	139794180
2221063708-1401	139794183
2221063708	139794183
2221063801	139794194
2221063803	139794195
2221063808	139794196
2221063901-1401	139794208
2221063901	139794208
2221063903-1401	139794212
2221063903	139794212
2221063908-1401	139794220
2221063908	139794220
2221064001-1401	139794230
2221064001	139794230
2221064003-1401	139794233
2221064003	139794233
2221064008-1401	139794234
2221064008	139794234
1802063101-1401	139860951
1802063101	139860951
1802063104-1401	139860952
1802063104	139860952
1802063105-1401	139860953
1802063105	139860953
1802062405-1401	139860955
1802062405	139860955
1802062404-1401	139860956
1802062404	139860956
1802062501	139861071
1802062504	139861092
1802062505	139861125
1802062001	139861172
1802062004	139861173
1802062005	139861174
1802061101	139861176
1802061104	139861177
1802061105	139861178
1802071201-1401	139861179
1802071201	139861179
1802071204-1401	139861180
1802071204	139861180
1802071205-1401	139861181
1802071205	139861181
1802070401	139865138
1802070404	139865140
1802070405	139865145
1802070101	139865198
1802070104	139865201
1802070105	139865203
1802070201	139865221
1802070204	139865222
1802070205	139865223
1802071601	139865259
1802071604	139865261
1802071605	139865262
1072024301	139865275
1072024302	139865276
1004150401	139865329
1004150406	139865330
1004150407	139865332
1004150409	139865341
1841010801	139874295
1841010804	139874297
1841010806	139874298
1841010807	139874299
1841010808	139874300
1841010809	139874301
1841010810	139874302
1841010813	139874303
2222010801	139874349
1807010801	139874394
1807010807	139874396
1035010802	139874403
1035010803	139874409
1802010801-1401	139874628
1802010801	139874628
1802010803-1401	139874629
1802010803	139874629
1802010804-1401	139874630
1802010804	139874630
1802010805-1401	139874631
1802010805	139874631
1802010806-1401	139874632
1802010806	139874632
2252010801	139874634
2252010806	139874637
1008010801	139874647
1008010802	139874649
1008010806	139874650
1008010810	139874651
1031010801	139874669
1031010802	139874674
1031010803	139874675
1031010805	139874676
1031010806	139874678
1031010807	139874679
1031010808	139874681
1031010809	139874682
1031010811	139874685
1031010804	139874687
1072010801	139874693
1072010802	139874696
1072010809	139874698
1801010801-1401	139874710
1801010801	139874710
1801010803-1401	139874712
1801010803	139874712
1801010805-1401	139874713
1801010805	139874713
1801010806-1401	139874714
1801010806	139874714
1801010804-1401	139874715
1801010804	139874715
1804010801	139874729
1804010813	139874734
1853010804	139874826
1853010806	139874828
1023010801	139874835
1023010803	139874839
1023010808	139874841
1081010801	139874847
1081010802	139874851
1081010808	139874854
2211010801	139875095
2211010803	139875096
2211010804	139875098
2211010805	139875100
2211010806	139875101
2211010807	139875102
2211010802	139875104
1808010801	139875107
1808010803	139875108
1808010804	139875109
1808010805	139875110
1809010801	139875113
1809010805	139875114
1809010808	139875115
1009010801	139875116
1009010802	139875117
1851010801	139875121
1851010805	139875123
1851010804	139875124
1851010806	139875125
1851010803	139875126
1812010800	139875127
1854010801	139875138
1854010804	139875139
1854010805	139875140
1854010806	139875141
1854010808	139875142
1033010804	139875150
1810010801	139875153
1810010805	139875154
1810010808	139875155
1810010804	139875156
1856010801	139875158
1856010803	139875159
1856010806	139875160
1856010808	139875161
2221010801-1401	139875163
2221010801	139875163
2221010803-1401	139875164
2221010803	139875164
2221010808-1401	139875165
2221010808	139875165
2221010810-1401	139875166
2221010810	139875166
1042010803	139875167
1042010804	139875169
1042010806	139875170
1855010801	139875172
1855010804	139875174
1855010805	139875175
1855010806	139875176
1802024401-1402	139875177
1802024401	139875177
1802024403-1402	139875179
1802024403	139875179
1802024404-1402	139875180
1802024404	139875180
1802024405-1402	139875181
1802024405	139875181
1802024406-1402	139875182
1802024406	139875182
1801024401-1401	139875183
1801024401	139875183
1801024403-1401	139875184
1801024403	139875184
1801024404-1401	139875185
1801024404	139875185
1801024405-1401	139875186
1801024405	139875186
1801024408-1401	139875187
1801024408	139875187
1808024401	139875188
1808024404	139875189
1808024405	139875190
1808024408	139875191
1851024401	139875193
1851024403	139875194
1851024404	139875195
1851024405	139875196
2221024401-1402	139875197
2221024401	139875197
2221024408-1402	139875198
2221024408	139875198
2221024403-1402	139875200
2221024403	139875200
2211024401	139875201
2211024402	139875204
2211024403	139875205
2211024404	139875207
2211024405	139875208
2222024401	139875209
2222024404	139875210
2222024405	139875211
2222024406	139875213
1042024403	139875216
1042024404	139875217
1042024406	139875218
1051024401	139875220
1051024404	139875221
1051024406	139875222
1051024410	139875224
1855024401	139875225
1855024403	139875226
1855024404	139875227
1855024405	139875229
1004024309	139875769
1802062401-1401	139937948
1802062401	139937948
2x1401021600	139938466
2x1401021600	139938466
2x1402022300	139938560
2x1401023100	139938570
2x1401023200	139939187
2x1401061300	139940224
2x1401061900	139940228
2x1401061800	139940289
2x1401080600	139941030
2x1401080700	139941037
2x1401100100	139941039
2x1401100400	139941058
2x1401100600	139941062
2x1401100700	139941065
2x1401100900	139941067
2x1401101000	139941077
2x1401101100	139941085
2x1401101900	139941098
2x1401102000	139941112
2x1401102100	139941123
2x1401102200	139941147
2x1401102400	139941165
2x1401102600	139941180
2x1401020900	139941194
2x1401021700	139941232
2x1401021900	139941233
2x1401022000	139941237
2x1401022100	139941241
2x1401022500	139941243
2x1401022900	139941245
2x1401023400	139941248
2x1401023500	139941250
2x1401023600	139941252
2x1401023700	139941254
2x1401023800	139941267
2x1401023900	139941279
2x1401024000	139941281
2x1401024100	139941297
2x1401030900	139941300
2x1401061400	139942729
2x1401062000	139942735
2x1401062100	139942736
2x1401062300	139942738
2x1401062500	139942739
2x1401062600	139942740
2x1401062800	139942910
2x1401062900	139942911
2x1401063100	139942913
2x1401063200	139942914
2x1401063300	139942922
2x1401071600	139942931
2x1401080300	139942932
2x1401080400	139942933
2x1401080500	139942937
2x1401080800	139942938
2x1401081100	139942940
2x1401081200	139942941
2x1401081300	139942942
2x1401081400	139942943
2x1401081500	139942945
2x1401100500	139942947
2x1401100800	139942948
2x1401101200	139942950
1802061701	139942991
1802061705	139942992
1802061501	139942993
1802061601	139942995
1802070701	139942996
1802072301-1401	139942997
1802072301	139942997
1802071801-1401	139942998
1802071801	139942998
1802071401-1401	139942999
1802071401	139942999
1802071901-1401	139943000
1802071901	139943000
1802071701-1401	139943096
1802071701	139943096
1802072001	139943997
1802072001-1401	139943997
1802072101-1401	139943998
1802072101	139943998
1802072201-1401	139944006
1802072201	139944006
2221062008-1401	140660201
2221062008	140660201
1801100604	140660565
2221102708	141173505
1004024301	141227777
1033010802	141328746
1802102151-1401	141649518
2221081351-1401	142109039
2221081451-1401	142109041
2221081551-1401	142109042
2221022151-1401	144266928
1802101403-1401	144473056
1802101403	144473056
1802101404-1401	144473071
1802101404	144473071
1802101405-1401	144473082
1802101405	144473082
1802101406-1401	144473096
1802101406	144473096
1802022208-1401	144474750
1802022208	144474750
2x1402022200	144474767
2221102108-1401	145127193
2221102108	145127193
1802071803-1401	145318817
1802071803	145318817
1802071804-1401	145318820
1802071804	145318820
1802071805-1401	145318822
1802071805	145318822
1802071806-1401	145318824
1802071806	145318824
2203020806	145318933
2203020807	145318947
2203020808	145318967
2203020706	145319036
2203020707	145319059
2203020708	145319081
1801071404-1401	145319321
1801071404	145319321
1801071478-1401	145319325
1801071478	145319325
1801071408-1401	145319338
1801071408	145319338
1801071405-1401	145319340
1801071405	145319340
1801070808	145319346
1801070805	145319348
1801070804	145319351
1801070810	145319355
1801071305-1401	145319358
1801071305	145319358
1801071378-1401	145319360
1801071378	145319360
1801071308-1401	145319364
1801071308	145319364
1801071304-1401	145319367
1801071304	145319367
1801071310-1401	145319371
1801071310	145319371
1802024505-1401	145334041
1802024505+1401	145334041
1802024505	145334041
1821010800	145495647
1821020700	145495651
1821020800	145495652
2x1401010800	145553182
2x1401071700	145553184
1802072303-1401	145553185
1802072303	145553185
1802072304-1401	145553186
1802072304	145553186
1802072305	145553187
2203021506	145553189
2203021508	145553191
2221102103-1401	145553197
2221102103	145553197
1801070404	145560492
1801070405	145560494
1801070408	145560497
1801160103	145560539
1801160108	145560548
1801020303-1401	145560580
1801020303	145560580
1801020304	145560588
1801020305	145560593
1801020378	145560597
1801020308	145560600
1801030303	145560630
1801030304	145560637
1801030305	145560642
1801030378	145560645
1801030308	145560650
1801020404	145560674
1801020405	145560679
1801020478	145560683
1801020408	145560686
1801140103	145560712
1801140104	145560718
1801140105	145560722
1801062003	145563338
1801062004	145563344
1801062005	145563348
1801072003	145563366
1801072004	145563371
1801072005	145563374
1801072008	145563377
1801150203	145563406
1801150204	145563410
1801150205	145563413
1801150208	145563416
1801150303	145563419
1801150304	145563423
1801150305	145563426
1801150308	145563437
1801150501	145563442
1801150503	145563447
1801150504	145563451
1801150505	145563455
1801150508	145563465
1801064001-1401	145563481
1801064001	145563481
1801064003-1401	145563485
1801064003	145563485
1801064004-1401	145563489
1801064004	145563489
1801064005-1401	145563492
1801064005	145563492
1801064008-1401	145563495
1801064008	145563495
1801010401	145563511
1801010404	145563515
1801010405	145563537
1801010406	145563541
1802071703-1401	145950076
1802071703	145950076
1802071704-1401	145950081
1802071704	145950081
1802071705-1401	145950084
1802071705	145950084
1802062901	145950085
1802063201	145950087
1802064001-1401	145950088
1802064001	145950088
1802064101	145950089
1802064201	145950090
1802064301-1401	145950092
1802064301	145950092
1802102103-1401	145950093
1802102103	145950093
1802100906-1401	145950095
1802100906	145950095
2203020106	145950161
1802102153-1401	145963226
1802100956-1401	145963404
1801081203	145965300
2221024451-1402	146260100
2221024453-1402	146260221
2221024458-1402	146260223
1802024451-1402	146260230
1802024453-1402	146260237
1802024454-1402	146260241
1802024455-1402	146260245
1802024456-1402	146260252
1802024201-1401	146331194
1802024201	146331194
1802024203-1401	146331195
1802024203	146331195
1802024205-1401	146331196
1802024205	146331196
2x1402022204	146331214
2x1402022201	146331215
1801040903	146404905
1801160608	146404907
1801031103	146411820
1801031104	146411821
1801031105	146411822
1801031108	146411823
1801170103	146411824
1801170105	146411825
1801170108	146411826
1801022303	146411827
1801022305	146411828
1801022308	146411829
1801064403	146411830
1801064404	146411831
1801064405	146411832
1801064408	146411833
1801080103-1401	146411834
1801080103	146411834
1801080104	146411835
1801080105	146411836
1801080108	146411837
1801160203	146411838
1801160204	146411839
1801160205	146411840
1801160208	146411841
1801170203	146411842
1801170204	146411843
1801170205	146411844
1801040408	146411845
1801040405	146411846
1801072303-1401	146411847
1801072303	146411847
1801072304-1401	146411848
1801072304	146411848
1801072305-1401	146411849
1801072305	146411849
1801072308-1401	146411850
1801072308	146411850
1801063103	146411851
1801063104	146411852
1801063105	146411853
1801063108	146411854
1801031203-1401	146411855
1801031203	146411855
1801031204-1401	146411856
1801031204	146411856
1801031205-1401	146411857
1801031205	146411857
1801031208-1401	146411858
1801031208	146411858
1801020903	146411859
1801020904-1401	146411860
1801020904	146411860
1801020905	146411861
1801020908	146411862
1801021703	146411863
1801021704	146411864
1801021705	146411865
1801021708	146411866
1801081903	146411867
1801081904	146411868
1801081905	146411869
1801020603	146411871
1801020604	146411872
1801020605	146411873
1801020608	146411874
1801101003	146411875
1801101004	146411876
1801101005	146411877
1801101008	146411878
1801170303	146411882
1801170403	146411883
1801063901-1401	146411884
1801063901	146411884
1801063903-1401	146411885
1801063903	146411885
1801063904-1401	146411886
1801063904	146411886
1801063905-1401	146411887
1801063905	146411887
1801082001-1401	146411888
1801082001	146411888
1801082003-1401	146411889
1801082003	146411889
1801082004-1401	146411890
1801082004	146411890
1801082005-1401	146411891
1801082005	146411891
1801102801	146411892
1801102803	146411893
1801102804	146411894
1801102805	146411895
1801102901-1401	146411896
1801102901	146411896
1801102903-1401	146411897
1801102903	146411897
1801102904-1401	146411898
1801102904	146411898
1801102905-1401	146411899
1801102905	146411899
1801024701	146411900
1801024703	146411901
1801024704	146411902
1801024705	146411903
1801064501	146411904
1801064503	146411905
1801064504	146411906
1801064505	146411907
1801160301	146411908
1801160303	146411909
1801024903	146411910
1801160401	146411911
1801160403	146411912
1801160404	146411913
1801023303	146411914
1801023304	146411915
1801023305	146411916
1801023508	146411917
1801061704-1401	146411920
1801061704	146411920
1801061705-1401	146411921
1801061705	146411921
1801064603	146411922
1801064604	146411923
1801064605	146411924
1801160501	146411925
1801160503	146411926
1801160504	146411927
1801160505	146411928
1801025001	146411929
1801025003	146411930
1801025004	146411931
1801025005	146411932
1801025103	146411933
1801025104	146411934
1801025201	146411935
1801025203	146411936
1801025204	146411937
1801025205	146411938
1801024003	146411939
1801024004	146411940
1801024005	146411941
1801081973	146412020
1801180103	146412029
1801180104	146412030
1801180105	146412031
1808063203	146412252
1808063204	146412253
1808063205	146412254
1808101401	146412255
1808101403	146412256
1808101404	146412257
1808101405	146412258
1808102101	146412259
1808102103	146412260
1808102104	146412261
1808102105	146412262
1808024101	146412263
1808024103	146412264
1808024105	146412265
1808024108	146412266
1808024001	146412267
1808024003	146412268
1808024005	146412269
1808024008	146412270
2x1401024500	146425553
2205010401	146457835
2205010404	146457836
2205010405	146457837
2205010406	146457838
2205010407	146457839
2205010410	146457840
2206010401	146457841
2206010404	146457842
2206010405	146457843
2206010406	146457844
2206010407	146457845
2207010401	146457846
2207010404	146457847
2207010405	146457848
2207010406	146457849
2207010408	146457850
2207010410	146457851
1802071753-1401	146547202
1802071754-1401	146547207
1802071755-1401	146547208
1802071751-1401	146694372
1801160603	147104965
1812025300	147205046
1812025400	147205047
1801072078	147205048
2212010801	147205049
2212010301	147205050
2212010501	147205051
2203010804	147205053
2203010805	147205054
2203010806	147205055
2203010807	147205056
2203010808	147205057
2203024004	147205058
2203024005	147205059
2203024006	147205060
2203024007	147205061
2203024008	147205062
2203024104	147205063
2203024105	147205064
2203024106	147205065
2203024107	147205066
2203024108	147205067
2203021204	147205068
2203021205	147205069
2203021206	147205070
2203021207	147205071
2203021208	147205072
1802064303-1401	147205073
1802064303	147205073
1802064304-1401	147205074
1802064304	147205074
1802064305-1401	147205075
1802064305	147205075
1802064306-1401	147205076
1802064306	147205076
1802072003	147205077
1802072003-1401	147205077
1802072004	147205078
1802072004-1401	147205078
1802072005	147205079
1802072005-1401	147205079
2252063101	147205080
2252063107	147205081
2252010201	147205082
2252102401	147205083
2252102407	147205084
2252061901	147205085
2252061906	147205086
2252061907	147205087
2252063801	147205088
2252063806	147205089
2252063808	147205090
1801101904-1401	147205091
1801101904	147205091
1801101905-1401	147205092
1801101905	147205092
1801101908-1401	147205093
1801101908	147205093
1801071504-1401	147205094
1801071504	147205094
1801071505-1401	147205095
1801071505	147205095
1801071508-1401	147205096
1801071508	147205096
1072063101	147205097
1072063102	147205098
1072050301	147205099
1072050302	147205100
1072064701	147205101
1072064702	147205102
1072064201	147205103
1072064202	147205104
1072160501	147205105
1072160502	147205106
2x1401071800	147205107
2x1401064300	147205108
2x1401030600	147205109
2x1401030700	147205110
2x1401030800	147205111
2203010801	147329700
2203010812	147329702
2x1401081000	147388294
2x1401080900	147388304
2x1401060800	147388306
2x1401021000	147388310
2203010813	147452692
2x1402024400	147677229
2x1402020200	147677240
2x1402020400	147677289
2x1401031300	147740166
1801010504	147917984
1801010504-1401	147917984
2x1401101400	148073881
1801010104-1401	148093901
1801010104	148093901
1801010204-1401	148093907
1801010204	148093907
1801010304-1401	148093917
1801010304-1401	148093917
1801010304-1401	148093917
1801010304	148093917
2x1401024200	148398582
2x1401061700	148398583
2x1401072000	148398584
1x1402025300	148398585
1x1402025301	148398586
1x1402025304	148398587
1x1402025309	148398588
1x1402025400	148398589
1x1402025401	148398590
1x1402025404	148398591
1x1402025409	148398592
1801010105-1401	148398593
1801010105	148398593
1801010106-1401	148398594
1801010106	148398594
1801010108-1401	148398595
1801010108	148398595
1801010178 - 1401	148398596
1801010178	148398596
1801010178-1401	148398596
1801010205-1401	148398597
1801010205	148398597
1801010206-1401	148398598
1801010206	148398598
1801010208-1401	148398599
1801010208	148398599
1801010278-1401	148398600
1801010278	148398600
1801010305-1401	148398601
1801010305-1401	148398601
1801010305	148398601
1801010306-1401	148398602
1801010306	148398602
1801010308-1401	148398603
1801010308-1401	148398603
1801010308-1401	148398603
1801010308-1401	148398603
1801010308	148398603
1801010378-1401	148398604
1801010378-1401	148398604
1801010378	148398604
1801010505	148398606
1801010505-1401	148398606
1801010506	148398607
1801010506-1401	148398607
1801010508	148398608
1801010508-1401	148398608
1801010578	148398609
1801010578-1401	148398609
1801080678-1401	148398610
1801101478	148398611
1801101478-1401	148398611
1801102104-1401	148398612
1801102104	148398612
1801102105-1401	148398613
1801102105	148398613
1801102108-1401	148398614
1801102108	148398614
1801102110-1401	148398615
1801102110	148398615
1801102178-1401	148398616
1801102178	148398616
1802025001-1402	148398617
1802025001	148398617
1802025003-1402	148398618
1802025003	148398618
1802025004-1402	148398619
1802025004	148398619
1802025005-1402	148398620
1802025005	148398620
1802025006-1402	148398621
1802025006	148398621
1802025008-1402	148398622
1802025008	148398622
1802025301-1402	148398623
1802025301	148398623
1802025303-1402	148398624
1802025303	148398624
1802025304-1402	148398625
1802025304	148398625
1802025305-1402	148398626
1802025305	148398626
1802025306-1402	148398627
1802025306	148398627
1802025308-1402	148398628
1802025308	148398628
1802025309-1402	148398629
1802025309	148398629
1802025310-1402	148398630
1802025310	148398630
1802025311-1402	148398631
1802025311	148398631
1802025312-1402	148398632
1802025312	148398632
1802025401-1402	148398633
1802025401	148398633
1802025403-1402	148398634
1802025403	148398634
1802025404-1402	148398635
1802025404	148398635
1802025405-1402	148398636
1802025405	148398636
1802025406-1402	148398637
1802025406	148398637
1802025408-1402	148398638
1802025408	148398638
1802025409-1402	148398639
1802025409	148398639
1802025410-1402	148398640
1802025410	148398640
1802025411-1402	148398641
1802025411	148398641
1802025412-1402	148398642
1802025412	148398642
2221010103	148398643
2221010103-1401	148398643
2221010108	148398644
2221010108-1401	148398644
2221010110	148398645
2221010110-1401	148398645
2221010203-1401	148398646
2221010203	148398646
2221010208-1401	148398647
2221010208	148398647
2221010210-1401	148398648
2221010210	148398648
2221010303-1401	148398649
2221010303	148398649
2221010308-1401	148398650
2221010308	148398650
2221010310-1401	148398651
2221010310	148398651
2221010403-1401	148398652
2221010403	148398652
2221010408-1401	148398653
2221010408	148398653
2221010410-1401	148398654
2221010410	148398654
2221010503-1401	148398655
2221010503	148398655
2221010508-1401	148398656
2221010508	148398656
2221010510-1401	148398657
2221010510	148398657
2221060203	148398658
2221060203-1401	148398658
2221060210	148398659
2221060210-1401	148398659
2221062503-1401	148398660
2221062503	148398660
2221062508-1401	148398661
2221062508	148398661
2221062510-1401	148398662
2221062510	148398662
2221081303-1401	148398663
2221081303	148398663
2221081308-1401	148398664
2221081310	148398665
2221081403-1401	148398666
2221081403	148398666
2221081408-1401	148398667
2221081408	148398667
2221081410-1401	148398668
2221081410	148398668
2221081503-1401	148398669
2221081503	148398669
2221081508-1401	148398670
2221081508	148398670
2221081510-1401	148398671
2221081510	148398671
2x1401020300	148400118
2214025402	148405637
2214025406	148405638
2214025414	148405639
2214025418	148405640
2208025404	148405641
2208025410	148405642
2208025305	148405643
2208025308	148405644
2209025301	148405645
2209025304	148405646
2209025305	148405647
2210010808	148405648
1842010801	148405649
2215025401	148405650
2215025407	148405651
2215025409	148405652
2215025410	148405653
2215025413	148405654
2215025414	148405655
2215025415	148405656
2215025417	148405657
2203023608	148414308
2203023607	148414371
2203023606	148414448
2203023605	148414500
2203023604	148414508
1843130301	148478167
2x1402025300	148502859
2x1402025301	148502860
2x1402025304	148502861
2x1402025309	148502862
2x1402025409	148502863
2x1402025404	148502864
2x1402025401	148502865
2x1402025400	148502866
2x1402020201	148824226
2x1402020209	148824227
2x1402020401	148824228
2x1402020409	148824229
2x1401063800	148862288
2x1401064800	148862291
2x1401064900	148862294
2x1401065000	148862297
2x1401082100	148862300
2x1401110200	148862303
2x1401110300	148862306
2x1401150400	148862309
2x1401150600	148862312
2x1401150700	148862315
2203022404	149110746
2203022405	149110747
2203022406	149110748
2203022407	149110749
2203022408	149110750
1x1402025000	149382096
1801020703-1401	149382098
1801020703	149382098
1801020704-1401	149382099
1801020704	149382099
1801020705-1401	149382100
1801020705	149382100
1801020708-1401	149382101
1801020708	149382101
1801023704-1401	149382102
1801023704	149382102
1801063801-1401	149382103
1801063801	149382103
1801063803-1401	149382104
1801063803	149382104
1801063804-1401	149382105
1801063804	149382105
1801063805-1401	149382106
1801063805	149382106
1801063808-1401	149382107
1801063808	149382107
1801063810-1401	149382108
1801063810	149382108
1801063878-1401	149382109
1801063878	149382109
1801064801-1401	149382110
1801064801	149382110
1801064803-1401	149382111
1801064803	149382111
1801064804-1401	149382112
1801064804	149382112
1801064805-1401	149382113
1801064805	149382113
1801064808-1401	149382114
1801064808	149382114
1801064810-1401	149382115
1801064810	149382115
1801064878-1401	149382116
1801064878	149382116
1801064901-1401	149382117
1801064901	149382117
1801064903-1401	149382118
1801064903	149382118
1801064904-1401	149382119
1801064904	149382119
1801064905-1401	149382120
1801064905	149382120
1801064908-1401	149382121
1801064908	149382121
1801064910-1401	149382122
1801064910	149382122
1801064978-1401	149382123
1801064978	149382123
1801065001-1401	149382124
1801065001	149382124
1801065003-1401	149382125
1801065003	149382125
1801065004-1401	149382126
1801065004	149382126
1801065005-1401	149382127
1801065005	149382127
1801065008-1401	149382128
1801065008	149382128
1801065010-1401	149382129
1801065010	149382129
1801065078-1401	149382130
1801065078	149382130
1801082101-1401	149382131
1801082101	149382131
1801082103-1401	149382132
1801082103	149382132
1801082104-1401	149382133
1801082104	149382133
1801082105-1401	149382134
1801082105	149382134
1801082108-1401	149382135
1801082108	149382135
1801082110-1401	149382136
1801082110	149382136
1801082178	149382137
1801082178-1401	149382137
1801110201-1401	149382138
1801110201	149382138
1801110203-1401	149382139
1801110203	149382139
1801110208-1401	149382140
1801110208	149382140
1801110278-1401	149382141
1801110278	149382141
1801110301-1401	149382142
1801110301	149382142
1801110303-1401	149382143
1801110303	149382143
1801110308-1401	149382144
1801110308	149382144
1801110378-1401	149382145
1801110378	149382145
1801150801	149382146
1801150803	149382147
1801150804	149382148
1801150805	149382149
1801150808	149382150
1801150810	149382151
1801150878	149382152
1801150601-1401	149382153
1801150601	149382153
1801150603-1401	149382154
1801150603	149382154
1801150604-1401	149382155
1801150604	149382155
1801150605-1401	149382156
1801150605	149382156
1801150608-1401	149382157
1801150608	149382157
1801150610-1401	149382158
1801150610	149382158
1801150678-1401	149382159
1801150678	149382159
1801150701-1401	149382160
1801150701	149382160
1801150703-1401	149382161
1801150703	149382161
1801150704-1401	149382162
1801150704	149382162
1801150705-1401	149382163
1801150705	149382163
1801150708-1401	149382164
1801150708	149382164
1801150710-1401	149382165
1801150710	149382165
1801150778-1401	149382166
1801150778	149382166
1801170501	149382167
1801170503	149382168
1801170505	149382169
1801170508	149382170
1801170603	149382171
1801170703	149382172
1801170708	149382173
1801190103	149382174
1801190105	149382175
1801190110	149382176
1802070703	149382177
1802070704	149382178
1802070705	149382179
1802070711	149382180
1802070712	149382181
1802072103-1401	149382182
1802072103	149382182
1802072104-1401	149382183
1802072104	149382183
1802072105-1401	149382184
1802072105	149382184
1802072106	149382185
1802072106-1401	149382185
1802072108-1401	149382186
1802072108	149382186
2221081203-1401	149382187
2221081203	149382187
2221081208-1401	149382188
2221081208	149382188
2221081210-1401	149382189
2221081210	149382189
2221102901-1401	149382190
2221102901	149382190
2221102903-1401	149382191
2221102903	149382191
1801023401	149387421
1801023403	149387426
2x1401102900	149436336
2x1401024700	149814600
2x1401025100	149814601
2x1401025200	149814602
2x1401031200	149814603
2x1401031400	149814604
2x1401061000	149814605
2x1401062200	149814606
2x1401062400	149814607
2x1401063600	149814608
2x1401063700	149814609
2x1401063900	149814610
2x1401064000	149814611
2x1401064500	149814612
2x1401065100	149814613
2x1401065200	149814614
2x1401071200	149814615
2x1401071300	149814616
2x1401071400	149814617
2x1401071500	149814618
2x1401071900	149814619
2x1401072100	149814620
2x1401072200	149814621
2x1401072300	149814622
2x1401072400	149814623
2x1401082000	149814624
2x1401103000	149814626
2x1401110400	149814627
2x1401150100	149814628
2x1401150200	149814629
2x1401150300	149814630
2x1401150500	149814631
2x1401160200	149814632
2x1401160300	149814633
2x1401160400	149814634
2x1401160500	149814635
2x1401160600	149814636
2x1401010600	150177186
1021064301	150424142
1021064303	150424143
1021064308	150424144
1021064801	150424145
1021064803	150424146
1021064808	150424147
1021065001	150424148
1021065003	150424149
1021065008	150424150
1021065201	150424151
1021065203	150424152
1021065208	150424153
1021103001	150424154
1021103003	150424155
1021103008	150424156
1801064301	150424157
1801064303	150424158
1801064304	150424159
1801064305	150424160
1801064308	150424161
1801064310	150424162
1801064378	150424163
1801065101	150424164
1801065103	150424165
1801065104	150424166
1801065105	150424167
1801065108	150424168
1801065110	150424169
1801065178	150424170
1801065201	150424171
1801065203	150424172
1801065204	150424173
1801065205	150424174
1801065208	150424175
1801065210	150424176
1801065278	150424177
1801070478	150424178
1801072401	150424179
1801072403	150424180
1801072404	150424181
1801072405	150424182
1801072408	150424183
1801072410	150424184
1801072478	150424185
1801103001	150424186
1801103003	150424187
1801103004	150424188
1801103005	150424189
1801103008	150424190
1801103010	150424191
1801103078	150424192
1802024101	150424193
1802024103	150424194
1802024105	150424195
1802024106	150424196
1802064801	150424197
1802064803	150424198
1802064804	150424199
1802064805	150424200
1802064806	150424201
1802064808	150424202
1802064809	150424203
1802064810	150424204
1802064811	150424205
1802064812	150424206
1802065001	150424207
1802065003	150424208
1802065004	150424209
1802065005	150424210
1802065006	150424211
1802065008	150424212
1802065009	150424213
1802065010	150424214
1802065011	150424215
1802065012	150424216
1802065101	150424217
1802065103	150424218
1802065104	150424219
1802065105	150424220
1802065106	150424221
1802065108	150424222
1802065109	150424223
1802065110	150424224
1802065112	150424225
1802065201	150424226
1802065203	150424227
1802065204	150424228
1802065205	150424229
1802065206	150424230
1802065208	150424231
1802065209	150424232
1802065210	150424233
1802065211	150424234
1802065212	150424235
1802103001	150424236
1802103003	150424237
1802103004	150424238
1802103005	150424239
1802103006	150424240
1802103008	150424241
1802103009	150424242
1802103010	150424243
1802103011	150424244
1802103012	150424245
1802140101	150424246
1802140103	150424247
1802140104	150424248
1802140105	150424249
1802140106	150424250
1802140108	150424251
1802140109	150424252
1802140110	150424253
1802140112	150424254
1802140201	150424255
1802140203	150424256
1802140204	150424257
1802140205	150424258
1802140206	150424259
1802140208	150424260
1802140209	150424261
1802140210	150424262
1802140212	150424263
1813025301	150424264
1813025302	150424265
1813025310	150424266
1813025314	150424267
1813025401	150424268
1813025402	150424269
1813025410	150424270
1813025414	150424271
2221031401-1401	150424272
2221031401	150424272
2221031403-1401	150424273
2221031403	150424273
2221031408-1401	150424274
2221031408	150424274
2221031410-1401	150424275
2221031410	150424275
2221065201	150424276
2221065208	150424277
2221065203	150424278
2221065210	150424279
2221064301	150424280
2221064308	150424281
2221064303	150424282
2221064310	150424283
2221064801	150424284
2221064808	150424285
2221064803	150424286
2221064810	150424287
2221065101	150424288
2221065108	150424289
2221065103	150424290
2221065110	150424291
2221065001	150424292
2221065008	150424293
2221065003	150424294
2221065010	150424295
2221072401	150424296
2221110401	150424297
2221110408	150424298
2221110403	150424299
2221110410	150424300
2221103001	150424301
2221103008	150424302
2221103003	150424303
2221103010	150424304
2231010100-1401	150424305
2231010100	150424305
2231010101-1401	150424306
2231010101	150424306
2231010106-1401	150424307
2231010106	150424307
2231010107-1401	150424308
2231010107	150424308
2231010108-1401	150424309
2231010108	150424309
2231010110-1401	150424310
2231010110	150424310
2231010113-1401	150424311
2231010113	150424311
2231010117-1401	150424312
2231010117	150424312
2231010178-1401	150424313
2231010178	150424313
2231010200-1401	150424314
2231010200	150424314
2231010201-1401	150424315
2231010201	150424315
2231010206-1401	150424316
2231010206	150424316
2231010207-1401	150424317
2231010207	150424317
2231010208-1401	150424318
2231010208	150424318
2231010210-1401	150424319
2231010210	150424319
2231010213-1401	150424320
2231010213	150424320
2231010217-1401	150424321
2231010217	150424321
2231010278-1401	150424322
2231010278	150424322
2231010300-1401	150424323
2231010300	150424323
2231010301-1401	150424324
2231010301	150424324
2231010306-1401	150424325
2231010306	150424325
2231010307-1401	150424326
2231010307	150424326
2231010308-1401	150424327
2231010308	150424327
2231010310-1401	150424328
2231010310	150424328
2231010313-1401	150424329
2231010313	150424329
2231010317-1401	150424330
2231010317	150424330
2231010378-1401	150424331
2231010378	150424331
2231010400-1401	150424332
2231010400	150424332
2231010401-1401	150424333
2231010401	150424333
2231010406-1401	150424334
2231010406	150424334
2231010407-1401	150424335
2231010407	150424335
2231010408-1401	150424336
2231010408	150424336
2231010410-1401	150424337
2231010410	150424337
2231010413-1401	150424338
2231010413	150424338
2231010417-1401	150424339
2231010417	150424339
2231010478-1401	150424340
2231010478	150424340
2231010500-1401	150424341
2231010500	150424341
2231010501-1401	150424342
2231010501	150424342
2231010506-1401	150424343
2231010506	150424343
2231010507-1401	150424344
2231010507	150424344
2231010508-1401	150424345
2231010508	150424345
2231010510-1401	150424346
2231010510	150424346
2231010513-1401	150424347
2231010513	150424347
2231010517-1401	150424348
2231010517	150424348
2231010578-1401	150424349
2231010578	150424349
2231010700-1401	150424350
2231010700	150424350
2231010701-1401	150424351
2231010701	150424351
2231010706-1401	150424352
2231010706	150424352
2231010707-1401	150424353
2231010707	150424353
2231010708-1401	150424354
2231010708	150424354
2231010710-1401	150424355
2231010710	150424355
2231010713-1401	150424356
2231010713	150424356
2231010717-1401	150424357
2231010717	150424357
2231010778-1401	150424358
2231010778	150424358
2231025300-1402	150424359
2231025300	150424359
2231025301-1402	150424360
2231025306-1402	150424361
2231025306	150424361
2231025307-1402	150424362
2231025307	150424362
2231025308-1402	150424363
2231025308	150424363
2231025310-1402	150424364
2231025310	150424364
2231025313-1402	150424365
2231025313	150424365
2231025317-1402	150424366
2231025317	150424366
2231025378-1402	150424367
2231025378	150424367
2231025400-1402	150424368
2231025400	150424368
2231025401-1402	150424369
2231025401	150424369
2231025406-1402	150424370
2231025406	150424370
2231025407-1402	150424371
2231025407	150424371
2231025408-1402	150424372
2231025408	150424372
2231025410-1402	150424373
2231025410	150424373
2231025413-1402	150424374
2231025413	150424374
2231025417-1402	150424375
2231025417	150424375
2231025478-1402	150424376
2231025478	150424376
1x1402140301	150424377
1x1402140300	150424378
1x1402140401	150424379
1x1402140400	150424380
1x1402064801	150424381
1x1402064809	150424382
1x1402065101	150424383
1x1402065109	150424384
1402140301	150424387
2x1402065001	150424395
2x1402065009	150424396
2x1401082300	151375294
2x1401082200	151375295
2x1401072700	151375296
2x1401102800	151375298
2x1401103100	151375299
2x1401103200	151375300
2x1401103300	151375301
2x1401065400	151375302
2x1401065500	151375303
1801071578	151428397
1801082301	151428398
1801082303	151428399
1801082304	151428400
1801082305	151428401
1801082308	151428402
1801082310	151428403
1801082378	151428404
1801082201	151428405
1801082203	151428406
1801082204	151428407
1801082205	151428408
1801082208	151428409
1801082210	151428410
1801082278	151428411
1801025401	151428412
1801025403	151428413
1801025404	151428414
1801025405	151428415
1801025408	151428416
1801025410	151428417
1801025478	151428418
1801072701	151428419
1801072703	151428420
1801072704	151428421
1801072705	151428422
1801072708	151428423
1801072710	151428424
1801072778	151428425
1801025301	151428426
1801025303	151428427
1801025304	151428428
1801025305	151428429
1801025308	151428430
1801025310	151428431
1801025378	151428432
1802082108	151428433
1802082109	151428434
1802082112	151428435
1802082101	151428436
1802082103	151428437
1802082104	151428438
1802082105	151428439
1802082106	151428440
1802082110	151428441
1802082301	151428442
1802082303	151428443
1802082304	151428444
1802082305	151428445
1802082306	151428446
1802082308	151428447
1802082309	151428448
1802082310	151428449
1802082312	151428450
1802082201	151428451
1802082203	151428452
1802082204	151428453
1802082205	151428454
1802082206	151428455
1802082208	151428456
1802082209	151428457
1802082210	151428458
1802082212	151428459
2221082101	151428460
2221082103	151428461
2221082108	151428462
2221082110	151428463
2221082301	151428464
2221082303	151428465
2221082308	151428466
2221082310	151428467
2221082001	151428468
2221082003	151428469
2221082008	151428470
2221082010	151428472
2221082201	151428473
2221082203	151428474
2221082208	151428475
2221082210	151428476
2221025301	151428477
2221025303	151428478
2221025308	151428479
2221025310	151428480
2221025401	151428481
2221025403	151428482
2221025408	151428483
2221025410	151428484
2221072101	151428485
2221072103	151428486
2221072108	151428487
2221072110	151428488
2221072701	151428489
2221072703	151428490
2221072708	151428491
2221072710	151428492
2221072001	151428493
2221072003	151428494
2221072008	151428495
2221072010	151428496
2221072501	151428497
2221072503	151428498
2221072508	151428499
2221072510	151428500
2221071701	151428501
2221071703	151428502
2221071708	151428503
2221071710	151428504
2221072601	151428505
2221072603	151428506
2221072608	151428507
2221072610	151428508
2221103101	151428509
2221103103	151428510
2221103108	151428511
2221103110	151428512
2221103201	151428513
2221103203	151428514
2221103208	151428515
2221103210	151428516
2221103301	151428517
2221103303	151428518
2221103308	151428519
2221103310	151428520
2221103401	151428521
2221103403	151428522
2221103408	151428523
2221103410	151428524
2221103501	151428525
2221103503	151428526
2221103508	151428527
2221103510	151428528
2221102801	151428529
2221102803	151428530
2221102808	151428531
2221102810	151428532
2221102908	151428533
2221102910	151428534
2233063801	151428535
2233063806	151428536
2233063808	151428537
2233063809	151428538
2233063810	151428539
2233063811	151428540
2233025301	151428541
2233025306	151428542
2233025308	151428543
2233025309	151428544
2233025310	151428545
2233025311	151428546
2233025401	151428547
2233025406	151428548
2233025408	151428549
2233025409	151428550
2233025410	151428551
2233025411	151428552
2233064201	151428553
2233064206	151428554
2233064208	151428555
2233064209	151428556
2233064210	151428557
2233064211	151428558
2233064301	151428559
2233064306	151428560
2233064308	151428561
2233064309	151428562
2233064310	151428563
2233064311	151428564
2233064801	151428565
2233064806	151428566
2233064808	151428567
2233064809	151428568
2233064810	151428569
2233064811	151428570
2233065001	151428571
2233065006	151428572
2233065008	151428573
2233065009	151428574
2233065010	151428575
2233065011	151428576
2233065101	151428577
2233065106	151428578
2233065108	151428579
2233065109	151428580
2233065110	151428581
2233065111	151428582
2233065301	151428583
2233065306	151428584
2233065308	151428585
2233065309	151428586
2233065310	151428587
2233065311	151428588
2x1402010201	151428600
2x1402010209	151428601
2x1402010301	151428602
2x1402010309	151428603
2x1402010401	151428604
2x1402010409	151428605
2x1402010501	151428606
2x1402010509	151428607
2x1402010801	151428608
2x1402010809	151428609
1021100501	151467877
2208025408	151511412
1801180204	151546870
2211060406	151729214
1802010112	151798541
1802010212	151798557
1802010312	151798583
1802010412	151798618
1802010712	151798672
1801010901	152083202
1801010903	152083205
1801010904	152083206
1801010905	152083208
1801010908	152083210
1801010910	152083211
1801010978	152083212
1801011001	152083214
1801011003	152083215
1801011004	152083217
1801011005	152083218
1801011008	152083220
1801011010	152083221
1801011078	152083223
1801020503	152083225
1801020505	152083227
1801020508	152083229
1801020510	152083230
1801024601	152083233
1801024603	152083234
1801024604	152083236
1801024605	152083238
1801024608	152083239
1801024610	152083241
1801024678	152083243
1801025501	152083244
1801025503	152083246
1801025504	152083248
1801025505	152083250
1801025508	152083251
1801025510	152083253
1801025578	152083255
1801065601	152083257
1801065603	152083258
1801065604	152083260
1801065605	152083262
1801065608	152083264
1801065610	152083265
1801065678	152083266
1801072203	152083268
1801150401-1401	152083269
1801150401	152083269
1801150403-1401	152083271
1801150403	152083271
1801150404-1401	152083272
1801150404	152083272
1801150405-1401	152083273
1801150405	152083273
1801150408-1401	152083275
1801150408	152083275
1801150410-1401	152083276
1801150410	152083276
1801150478-1401	152083278
1801150478	152083278
1802023901	152083279
1802023903	152083280
1802023904	152083282
1802023905	152083283
1802023908	152083285
1802023909	152083287
1802023910	152083288
1802023912	152083289
1802024001	152083291
1802024004	152083292
1802024005	152083294
1802024008	152083296
1802024009	152083297
1802024010	152083299
1802024012	152083300
1802025601	152083302
1802025603	152083303
1802025604	152083305
1802025605	152083308
1802025608	152083310
1802025609	152083312
1802025610	152083315
1802025612	152083317
1802025701	152083318
1802025703	152083321
1802025704	152083322
1802025705	152083324
1802025708	152083326
1802025709	152083328
1802025710	152083329
1802025712	152083331
1802025901	152083332
1802025903	152083333
1802025904	152083334
1802025905	152083335
1802025908	152083336
1802025909	152083337
1802025910	152083338
1802025912	152083339
1802026001	152083340
1802026003	152083341
1802026004	152083342
1802026005	152083343
1802026008	152083344
1802026009	152083345
1802026010	152083346
1802026012	152083347
1802026101	152083348
1802026103	152083349
1802026104	152083350
1802026105	152083351
1802026108	152083352
1802026109	152083353
1802026110	152083354
1802026112	152083355
1802026201	152083356
1802026203	152083357
1802026204	152083358
1802026205	152083359
1802026208	152083360
1802026209	152083361
1802026210	152083362
1802026212	152083363
1802026501	152083364
1802026503	152083365
1802026504	152083366
1802026505	152083367
1802026508	152083368
1802026509	152083369
1802026510	152083370
1802026512	152083371
1802082404	152083372
1802082405	152083373
1802082408	152083374
1802082409	152083375
1802082410	152083376
1802082412	152083377
1802082501	152083378
1802082503	152083379
1802082504	152083380
1802082505	152083381
1802082508	152083382
1802082509	152083383
1802082510	152083384
1802082512	152083385
1802082601	152083386
1802082603	152083387
1802082604	152083388
1802082605	152083389
1802082608	152083390
1802082609	152083391
1802082610	152083392
1802082612	152083393
2221010901	152083394
2221010903	152083395
2221010908	152083396
2221010910	152083397
2221011001	152083398
2221011003	152083399
2221011008	152083400
2221011010	152083401
2221024103	152083402
2221024108	152083403
2221024110	152083404
2221025801	152083405
2221025803	152083406
2221025808	152083407
2221025810	152083408
2221025901	152083409
2221025903	152083410
2221025908	152083411
2221025910	152083412
2221026001	152083413
2221026003	152083414
2221026008	152083415
2221026010	152083416
2221026101	152083417
2221026103	152083418
2221026108	152083419
2221026110	152083420
2221026201	152083421
2221026203	152083422
2221026208	152083423
2221026210	152083424
2221026501	152083425
2221026503	152083426
2221026508	152083427
2221026510	152083428
2221026601	152083429
2221026603	152083430
2221026608	152083431
2221026610	152083432
2221026701	152083433
2221026703	152083434
2221026708	152083435
2221026710	152083436
2221026801	152083437
2221026803	152083438
2221026808	152083439
2221026810	152083440
2221026901	152083441
2221026903	152083442
2221026908	152083443
2221026910	152083444
2221064201	152083445
2221064203	152083446
2221064208	152083447
2221064210	152083448
2221064501	152083449
2221064503	152083450
2221064508	152083451
2221064510	152083452
2221064901	152083453
2221064903	152083454
2221064908	152083455
2221064910	152083456
2221065301	152083457
2221065303	152083458
2221065308	152083459
2221065310	152083460
2221065401	152083461
2221065403	152083462
2221065408	152083463
2221065410	152083464
2221065501	152083465
2221065503	152083466
2221065508	152083467
2221065510	152083468
2221065601	152083469
2221065603	152083470
2221065608	152083471
2221065610	152083472
2221065701	152083473
2221065703	152083474
2221065708	152083475
2221065710	152083476
2221065801	152083477
2221065803	152083478
2221065808	152083479
2221065810	152083480
2221065901	152083481
2221065903	152083482
2221065908	152083483
2221065910	152083484
2221066001	152083485
2221066003	152083486
2221066008	152083487
2221066010	152083488
2221066101	152083489
2221066103	152083490
2221066108	152083491
2221066110	152083492
2221066201	152083493
2221066203	152083494
2221066208	152083495
2221066210	152083496
2221066301	152083497
2221066303	152083498
2221066308	152083499
2221066310	152083500
2221066401	152083501
2221066403	152083502
2221066408	152083503
2221066410	152083504
2221140301	152083505
2221140303	152083506
2221140308	152083507
2221140310	152083508
2221140401	152083509
2221140403	152083510
2221140408	152083511
2221140410	152083512
2221140501	152083513
2221140503	152083514
2221140508	152083515
2221140510	152083516
2221140601	152083517
2221140603	152083518
2221140608	152083519
2221140610	152083520
1801023404	152895356
1802010901	152895357
1802010903	152895358
1802010904	152895359
1802010905	152895360
1802010906	152895361
1802010908	152895362
1802010909	152895363
1802010910	152895364
1802010912	152895365
1802072501	152895367
1802072503	152895368
1802072504	152895369
1802072505	152895370
1802072506	152895371
1802072508	152895372
1802072509	152895373
1802072510	152895374
1802072512	152895375
1802072701	152895376
1802072703	152895377
1802072704	152895378
1802072705	152895379
1802072706	152895380
1802072708	152895381
1802072709	152895382
1802072710	152895383
1802072712	152895384
1802080603	152895385
1802080606	152895386
1802080608	152895387
1802080609	152895388
1802080610	152895389
2233010801	152895390
2233010806	152895391
2233010808	152895392
2233010809	152895393
2233010810	152895394
2233010811	152895395
2233011001	152895396
2233011006	152895397
2233011008	152895398
2233011009	152895399
2233011010	152895400
2233011011	152895401
2233020301	152895402
2233020306	152895403
2233020308	152895404
2233020309	152895405
2233020310	152895406
2233020311	152895407
2233020401	152895408
2233020406	152895409
2233020408	152895410
2233020409	152895411
2233020410	152895412
2233020411	152895413
2233025601	152895414
2233025608	152895415
2233025801	152895416
2233025806	152895417
2233025808	152895418
2233025811	152895419
2233025901	152895420
2233025906	152895421
2233025908	152895422
2233025911	152895423
2233026001	152895424
2233026006	152895425
2233026008	152895426
2233026009	152895427
2233026010	152895428
2233026011	152895429
2233026106	152895430
2233026108	152895431
2233026109	152895432
2233026110	152895433
2233026111	152895434
2233026201	152895435
2233026206	152895436
2233026208	152895437
2233026209	152895438
2233026210	152895439
2233026211	152895440
2233026301	152895441
2233026306	152895442
2233026308	152895443
2233026309	152895444
2233026310	152895445
2233026311	152895446
2233026401	152895447
2233026101	152895448
2233026406	152895449
2233026408	152895450
2233026411	152895451
2233026701	152895452
2233026706	152895453
2233026708	152895454
2233026711	152895455
2233026801	152895456
2233026806	152895457
2233026808	152895458
2233026811	152895459
2233026601	152895460
2233026606	152895461
2233026608	152895462
2233026611	152895463
2233065201	152895464
2233065208	152895465
2233066401	152895466
2233066406	152895467
2233066501	152895468
2233066506	152895469
2233066508	152895470
2233066509	152895471
2233066510	152895472
2233066511	152895473
2233072001	152895474
2233072006	152895475
2233072008	152895476
2233072011	152895477
2233082001	152895478
2233082006	152895479
2233082008	152895480
2233082011	152895481
2233082101	152895482
2233082106	152895483
2233082108	152895484
2233082111	152895485
2233082201	152895486
2233082206	152895487
2233082208	152895488
2233082211	152895489
2233082301	152895490
2233082306	152895491
2233082308	152895492
2233082311	152895493
2233101401	152895494
2233101406	152895495
2233101408	152895496
2233101411	152895497
2233102801	152895498
2233102806	152895499
2233102808	152895500
2233102809	152895501
2233102810	152895502
2233102811	152895503
2233102901	152895504
2233102906	152895505
2233102908	152895506
2233102909	152895507
2233102910	152895508
2233102911	152895509
2233103601	152895510
2233103606	152895511
2233103608	152895512
2233103611	152895513
2233150401	152895514
2233150406	152895515
2233150408	152895516
2233150409	152895517
2233150410	152895518
2233150411	152895519
2233150901	152895520
2233150906	152895521
2233150908	152895522
2233150909	152895523
2233150910	152895524
2233150911	152895525
1801102004	152932097
1802081101	153238060
1802081103	153238061
1802081106	153238062
1802081108	153238063
1802081111	153238064
1802081201	153238065
1802081203	153238066
1802081206	153238067
1802081208	153238068
1802081211	153238069
1802081301	153238070
1802082403	153238071
1802081501	153238072
1802081503	153238073
1802081506	153238074
1802081508	153238075
1802081511	153238076
1802081401	153238077
1802081403	153238078
1802081406	153238079
1802081408	153238080
1802081411	153238081
1802150501	153238082
1802150503	153238083
1802150506	153238084
1802150508	153238085
1802150511	153238086
1802151101	153238087
1802151103	153238088
1802151108	153238089
1802151106	153238090
1802151111	153238091
1802150201	153238092
1802150203	153238093
1802150206	153238094
1802150208	153238095
1802150211	153238096
1802150301	153238097
1802150303	153238098
1802150306	153238099
1802150308	153238100
1802150311	153238101
1802150701	153238102
1802150703	153238103
1802150706	153238104
1802150708	153238105
1802150711	153238106
1802150401	153238107
1802150403	153238108
1802150406	153238109
1802150408	153238110
1802150411	153238111
1802150601	153238112
1802150603	153238113
1802150606	153238114
1802150608	153238115
1802150611	153238116
1802026301	153238117
1802026303	153238118
1802026306	153238119
1802026308	153238120
1802026311	153238121
1801027203	153466730
1802080708	153466812
2233027001	153782428
2233027006	153782429
2233027008	153782430
2233027011	153782431
2205010501	153868571
2205010504	153868572
2205010505	153868573
2205010512	153868574
2205010507	153868575
2205010510	153868576
2205011101	153868577
2205011104	153868578
2205011105	153868579
2205011112	153868580
2205011107	153868581
2205011110	153868582
2205011201	153868583
2205011204	153868584
2205011205	153868585
2205011212	153868586
2205011207	153868587
2205011210	153868588
2233010901	153868589
2233010906	153868590
2233010908	153868591
2233010909	153868592
2233010910	153868593
2233010911	153868594
2233066601	153868595
2233066606	153868596
2233066608	153868597
2233066609	153868598
2233066610	153868599
2233066611	153868601
2233065601	153868602
2233065606	153868603
2233065608	153868604
2233065609	153868605
2233065610	153868606
2233065611	153868607
2221027301	153868608
2221027401	153868609
2221027501	153868610
2221027001	153868611
1x1402010901	153868612
1x1402010909	153868613
1x1402011001	153868614
1x1402011009	153868615
1801023603	154390610
